72 111111
96 111110
43 1111011
214 11110101
215 11110100
105 111100
180 111011
84 111010
163 111001
97 111000
44 1101111
28 11011101
213 11011100
80 110110
98 110101
164 110100
60 11001
71 110001
104 110000
191 1011111
29 10111101
228 10111100
48 101110
179 101101
178 101100
51 10101
103 101001
70 101000
171 100111
177 100110
172 100101
165 100100
170 100011
11 1000101111
234 10001011101
245 100010111001
241 100010111000
9 10001011011
240 100010110101
238 100010110100
242 100010110011
239 100010110010
244 100010110001
243 100010110000
30 10001010
45 1000100
99 100001
176 100000
174 011111
173 011110
175 011101
190 0111001
226 01110001
31 01110000
169 011011
166 011010
102 011001
100 011000
83 010111
168 010110
101 010101
167 010100
69 010011
81 010010
212 01000111
32 01000110
189 0100010
82 010000
68 001111
211 00111011
33 00111010
188 0011100
210 00110111
34 00110110
46 0011010
67 001100
59 00101
121 0010011
122 0010010
65 001000
120 0001111
187 0001110
66 000110
123 0001011
119 0001010
231 000100111
14 000100110
35 00010010
124 0001000
64 000011
134 0000101
118 0000100
36 00000111
209 00000110
132 0000010
117 0000001
138 0000000
133 1111111
135 1111110
136 1111101
137 1111100
140 1111011
139 1111010
88 1111001
143 1111000
52 11101
142 1110011
116 1110010
89 1110001
141 1110000
204 11011111
12 1101111011
232 1101111010
237 110111100111
5 11011110011011
252 110111100110101
4 1101111001101001
3 11011110011010001
255 110111100110100001111
0 1101111001101000011101
1 1101111001101000011100
2 11011110011010000110
254 1101111001101000010
253 110111100110100000
248 1101111001100
8 110111100101
236 110111100100
10 11011110001
249 1101111000011
250 1101111000010
235 110111100000
115 1101110
114 1101101
87 1101100
63 110101
113 1101001
186 1101000
58 11001
144 1100011
37 11000101
203 11000100
90 1100001
131 1100000
206 10111111
202 10111110
145 1011110
112 1011101
207 10111001
205 10111000
49 101101
125 1011001
130 1011000
91 1010111
146 1010110
62 101010
208 10100111
38 10100110
111 1010010
147 1010001
148 1010000
57 10011
86 1001011
201 10010101
199 10010100
110 1001001
151 1001000
53 10001
152 1000011
185 1000010
149 1000001
200 10000001
16 100000001
15 100000000
54 01111
150 0111011
47 0111010
198 01110011
39 01110010
92 0111000
153 0110111
154 0110110
197 01101011
227 01101010
109 0110100
56 01100
155 0101111
129 0101110
126 0101101
220 010110011
221 010110010
17 010110001
219 010110000
184 0101011
156 0101010
196 01010011
40 01010010
93 0101000
55 01001
85 0100011
157 0100010
222 010000111
223 010000110
195 01000010
108 0100000
158 0011111
159 0011110
183 0011101
41 00111001
218 001110001
233 00111000011
247 0011100001011
7 0011100001010
246 0011100001001
251 00111000010001
6 00111000010000
13 0011100000
61 001101
77 0011001
160 0011000
94 0010111
194 00101101
18 001011001
224 001011000
78 0010101
75 0010100
127 0010011
161 0010010
50 001000
128 0001111
42 00011101
23 000111001
225 000111000
76 0001101
107 0001100
74 0001011
193 00010101
21 000101001
229 000101000
182 0001001
22 000100011
230 000100010
217 000100001
24 000100000
95 0000111
79 0000110
73 0000101
162 0000100
181 0000011
106 0000010
25 000000111
26 000000110
27 000000101
20 000000100
192 00000001
19 000000001
216 000000000
